242 200 1 50 250
0 0:242:30
1 0:242:37
2 0:242:32
3 0:242:21
4 0:242:40
5 0:242:41
6 0:242:17
7 0:242:41
8 0:242:44
9 0:242:20
10 0:242:39
11 0:242:23
12 0:242:47
13 0:242:30
14 0:242:43
15 0:242:41
16 0:242:28
17 0:242:19
18 0:242:16
19 0:242:15
20 0:242:32
21 0:242:32
22 0:242:35
23 0:242:13
24 0:242:27
25 0:242:26
26 0:242:37
27 0:242:21
28 0:242:24
29 0:242:47
30 0:242:19
31 0:242:18
32 0:242:33
33 0:242:19
34 0:242:26
35 0:242:17
36 0:242:27
37 0:242:35
38 0:242:39
39 0:242:45
40 0:242:21
41 0:242:30
42 0:242:32
43 0:242:11
44 0:242:11
45 0:242:16
46 0:242:40
47 0:242:10
48 0:242:47
49 0:242:45
50 0:242:10
51 0:242:19
52 0:242:15
53 0:242:34
54 0:242:13
55 0:242:32
56 0:242:47
57 0:242:16
58 0:242:37
59 0:242:12
60 0:242:27
61 0:242:27
62 0:242:34
63 0:242:26
64 0:242:25
65 0:242:29
66 0:242:20
67 0:242:19
68 0:242:37
69 0:242:45
70 0:242:11
71 0:242:33
72 0:242:35
73 0:242:11
74 0:242:44
75 0:242:48
76 0:242:26
77 0:242:41
78 0:242:35
79 0:242:11
80 0:242:40
81 0:242:37
82 0:242:29
83 0:242:22
84 0:242:18
85 0:242:47
86 0:242:50
87 0:242:13
88 0:242:24
89 0:242:24
90 0:242:50
91 0:242:17
92 0:242:30
93 0:242:21
94 0:242:37
95 0:242:29
96 0:242:35
97 0:242:27
98 0:242:10
99 0:242:33
100 0:242:46
101 0:242:44
102 0:242:25
103 0:242:48
104 0:242:42
105 0:242:16
106 0:242:10
107 0:242:45
108 0:242:26
109 0:242:37
110 0:242:45
111 0:242:31
112 0:242:24
113 0:242:41
114 0:242:13
115 0:242:31
116 0:242:23
117 0:242:47
118 0:242:45
119 0:242:10
120 0:242:48
121 0:242:35
122 0:242:29
123 0:242:48
124 0:242:43
125 0:242:29
126 0:242:29
127 0:242:12
128 0:242:20
129 0:242:29
130 0:242:47
131 0:242:12
132 0:242:43
133 0:242:19
134 0:242:49
135 0:242:33
136 0:242:13
137 0:242:40
138 0:242:42
139 0:242:10
140 0:242:27
141 0:242:11
142 0:242:12
143 0:242:46
144 0:242:22
145 0:242:37
146 0:242:36
147 0:242:39
148 0:242:36
149 0:242:35
150 0:242:11
151 0:242:41
152 0:242:43
153 0:242:17
154 0:242:25
155 0:242:31
156 0:242:17
157 0:242:38
158 0:242:15
159 0:242:43
160 0:242:28
161 0:242:15
162 0:242:20
163 0:242:33
164 0:242:28
165 0:242:49
166 0:242:47
167 0:242:35
168 0:242:42
169 0:242:49
170 0:242:40
171 0:242:21
172 0:242:45
173 0:242:38
174 0:242:15
175 0:242:39
176 0:242:20
177 0:242:12
178 0:242:25
179 0:242:20
180 0:242:19
181 0:242:35
182 0:242:17
183 0:242:46
184 0:242:33
185 0:242:36
186 0:242:50
187 0:242:45
188 0:242:48
189 0:242:14
190 0:242:35
191 0:242:31
192 0:242:32
193 0:242:32
194 0:242:26
195 0:242:43
196 0:242:21
197 0:242:43
198 0:242:11
199 0:242:22
0 10000
0 0 1 57 0 237 5 130 163 48 84 170 1 1 1 1 1
1 0 1 29 103 237 5 143 9 0 63 26 1 1 1 1 1
2 0 1 89 0 237 5 93 113 164 179 65 1 1 1 1 1
3 0 1 49 0 237 5 10 113 59 61 3 1 1 1 1 1
4 0 1 92 105 237 5 29 173 133 186 60 1 1 1 1 1
5 0 1 80 0 237 5 123 95 159 23 29 1 1 1 1 1
6 0 1 17 0 237 5 46 104 197 51 31 1 1 1 1 1
7 0 1 52 215 237 5 33 2 152 172 38 1 1 1 1 1
8 0 1 60 0 237 5 93 47 141 30 35 1 1 1 1 1
9 0 1 38 0 237 5 70 30 129 29 91 1 1 1 1 1
10 0 1 81 0 237 5 199 174 185 136 145 1 1 1 1 1
11 0 1 25 79 237 5 68 178 188 69 177 1 1 1 1 1
12 0 1 46 0 237 5 75 181 111 43 73 1 1 1 1 1
13 0 1 70 0 237 5 153 90 186 86 31 1 1 1 1 1
14 0 1 84 0 237 5 59 59 15 131 158 1 1 1 1 1
15 0 1 21 0 237 5 110 159 186 6 43 1 1 1 1 1
16 0 1 67 0 237 5 19 82 107 37 163 1 1 1 1 1
17 0 1 98 0 237 5 165 138 184 74 43 1 1 1 1 1
18 0 1 87 0 237 5 186 102 48 193 141 1 1 1 1 1
19 0 1 85 0 237 5 42 13 159 118 24 1 1 1 1 1
20 0 1 17 0 237 5 56 164 165 26 196 1 1 1 1 1
21 0 1 86 0 237 5 152 145 2 87 192 1 1 1 1 1
22 0 1 27 0 237 5 93 77 147 143 178 1 1 1 1 1
23 0 1 94 233 237 5 13 50 49 48 193 1 1 1 1 1
24 0 1 29 0 237 5 141 104 100 54 38 1 1 1 1 1
25 0 1 94 0 237 5 107 64 41 38 125 1 1 1 1 1
26 0 1 33 39 237 5 16 6 94 80 65 1 1 1 1 1
27 0 1 90 173 237 5 34 4 113 121 74 1 1 1 1 1
28 0 1 88 0 237 5 33 174 134 121 157 1 1 1 1 1
29 0 1 87 0 237 5 142 64 174 182 30 1 1 1 1 1
30 0 1 58 229 237 5 127 148 25 48 80 1 1 1 1 1
31 0 1 42 0 237 5 188 157 57 12 164 1 1 1 1 1
32 0 1 71 0 210 5 194 64 156 143 26 1 1 1 1 1
33 0 1 95 78 237 5 133 5 135 35 78 1 1 1 1 1
34 0 1 94 0 237 5 22 62 117 7 153 1 1 1 1 1
35 0 1 11 0 237 5 46 159 90 48 107 1 1 1 1 1
36 0 1 22 0 237 5 21 35 119 6 180 1 1 1 1 1
37 0 1 86 0 237 5 28 28 23 71 168 1 1 1 1 1
38 0 1 29 0 237 5 24 84 56 68 113 1 1 1 1 1
39 0 1 65 148 237 5 49 25 107 104 71 1 1 1 1 1
40 0 1 32 226 237 5 155 71 168 190 188 1 1 1 1 1
41 0 1 95 0 91 5 196 154 156 116 3 1 1 1 1 1
42 0 1 17 0 237 5 130 84 1 190 155 1 1 1 1 1
43 0 1 19 0 237 5 199 180 169 18 66 1 1 1 1 1
44 0 1 27 0 237 5 170 191 52 16 3 1 1 1 1 1
45 0 1 51 0 237 5 153 155 71 15 121 1 1 1 1 1
46 0 1 68 35 172 5 172 91 135 145 128 1 1 1 1 1
47 0 1 80 0 237 5 171 16 144 46 50 1 1 1 1 1
48 0 1 78 0 237 5 164 103 99 85 82 1 1 1 1 1
49 0 1 64 0 237 5 48 78 121 77 104 1 1 1 1 1
P 17 33
P 18 41
P 14 25
P 36 44
P 31 17
P 39 28
P 13 8
P 13 30
P 10 24
P 15 45
P 15 25
P 33 10
P 20 15
P 44 18
P 9 24
P 9 49
P 46 13
P 4 25
P 47 10
P 47 44
