242 200 5 50 250
0 0:242:30
1 0:242:37
2 0:242:32
3 0:242:21
4 0:242:40
5 0:242:41
6 0:242:17
7 0:242:41
8 0:242:44
9 0:242:20
10 0:242:39
11 0:242:23
12 0:242:47
13 0:242:30
14 0:242:43
15 0:242:41
16 0:242:28
17 0:242:19
18 0:242:16
19 0:242:15
20 0:242:32
21 0:242:32
22 0:242:35
23 0:242:13
24 0:242:27
25 0:242:26
26 0:242:37
27 0:242:21
28 0:242:24
29 0:242:47
30 0:242:19
31 0:242:18
32 0:242:33
33 0:242:19
34 0:242:26
35 0:242:17
36 0:242:27
37 0:242:35
38 0:242:39
39 0:242:45
40 0:242:21
41 0:242:30
42 0:242:32
43 0:242:11
44 0:242:11
45 0:242:16
46 0:242:40
47 0:242:10
48 0:242:47
49 0:242:45
50 0:242:10
51 0:242:19
52 0:242:15
53 0:242:34
54 0:242:13
55 0:242:32
56 0:242:47
57 0:242:16
58 0:242:37
59 0:242:12
60 0:242:27
61 0:242:27
62 0:242:34
63 0:242:26
64 0:242:25
65 0:242:29
66 0:242:20
67 0:242:19
68 0:242:37
69 0:242:45
70 0:242:11
71 0:242:33
72 0:242:35
73 0:242:11
74 0:242:44
75 0:242:48
76 0:242:26
77 0:242:41
78 0:242:35
79 0:242:11
80 0:242:40
81 0:242:37
82 0:242:29
83 0:242:22
84 0:242:18
85 0:242:47
86 0:242:50
87 0:242:13
88 0:242:24
89 0:242:24
90 0:242:50
91 0:242:17
92 0:242:30
93 0:242:21
94 0:242:37
95 0:242:29
96 0:242:35
97 0:242:27
98 0:242:10
99 0:242:33
100 0:242:46
101 0:242:44
102 0:242:25
103 0:242:48
104 0:242:42
105 0:242:16
106 0:242:10
107 0:242:45
108 0:242:26
109 0:242:37
110 0:242:45
111 0:242:31
112 0:242:24
113 0:242:41
114 0:242:13
115 0:242:31
116 0:242:23
117 0:242:47
118 0:242:45
119 0:242:10
120 0:242:48
121 0:242:35
122 0:242:29
123 0:242:48
124 0:242:43
125 0:242:29
126 0:242:29
127 0:242:12
128 0:242:20
129 0:242:29
130 0:242:47
131 0:242:12
132 0:242:43
133 0:242:19
134 0:242:49
135 0:242:33
136 0:242:13
137 0:242:40
138 0:242:42
139 0:242:10
140 0:242:27
141 0:242:11
142 0:242:12
143 0:242:46
144 0:242:22
145 0:242:37
146 0:242:36
147 0:242:39
148 0:242:36
149 0:242:35
150 0:242:11
151 0:242:41
152 0:242:43
153 0:242:17
154 0:242:25
155 0:242:31
156 0:242:17
157 0:242:38
158 0:242:15
159 0:242:43
160 0:242:28
161 0:242:15
162 0:242:20
163 0:242:33
164 0:242:28
165 0:242:49
166 0:242:47
167 0:242:35
168 0:242:42
169 0:242:49
170 0:242:40
171 0:242:21
172 0:242:45
173 0:242:38
174 0:242:15
175 0:242:39
176 0:242:20
177 0:242:12
178 0:242:25
179 0:242:20
180 0:242:19
181 0:242:35
182 0:242:17
183 0:242:46
184 0:242:33
185 0:242:36
186 0:242:50
187 0:242:45
188 0:242:48
189 0:242:14
190 0:242:35
191 0:242:31
192 0:242:32
193 0:242:32
194 0:242:26
195 0:242:43
196 0:242:21
197 0:242:43
198 0:242:11
199 0:242:22
0 165
1 225
2 143
3 124
4 143
0 1 0 57 0 237 5 130 163 48 84 170 17 8 11 15 19
1 0 0 29 103 237 5 143 9 0 63 26 9 11 15 8 8
2 0 0 89 0 237 5 93 113 164 179 65 20 13 14 12 8
3 4 0 49 0 237 5 10 113 59 61 3 11 14 2 9 9
4 3 0 92 105 237 5 29 173 133 186 60 9 18 6 4 19
5 4 1 80 0 237 5 123 95 159 23 29 12 8 20 11 14
6 2 0 17 0 237 5 46 104 197 51 31 7 19 15 5 2
7 3 1 52 215 237 5 33 2 152 172 38 9 3 5 18 14
8 1 0 60 0 237 5 93 47 141 30 35 5 18 17 20 5
9 2 0 38 0 237 5 70 30 129 29 91 3 8 14 8 8
10 3 0 81 0 237 5 199 174 185 136 145 13 14 12 12 10
11 4 0 25 79 237 5 68 178 188 69 177 20 18 2 17 16
12 1 0 46 0 237 5 75 181 111 43 73 17 2 13 16 7
13 1 0 70 0 237 5 153 90 186 86 31 8 5 10 8 6
14 4 0 84 0 237 5 59 59 15 131 158 5 13 7 5 14
15 0 0 21 0 237 5 110 159 186 6 43 11 15 4 10 7
16 3 0 67 0 237 5 19 82 107 37 163 14 19 16 14 6
17 3 0 98 0 237 5 165 138 184 74 43 17 8 3 10 7
18 2 0 87 0 237 5 186 102 48 193 141 10 6 8 16 6
19 3 0 85 0 237 5 42 13 159 118 24 18 15 4 18 2
20 0 0 17 0 237 5 56 164 165 26 196 14 16 14 2 7
21 2 0 86 0 237 5 152 145 2 87 192 3 4 17 16 8
22 3 0 27 0 237 5 93 77 147 143 178 17 10 2 6 17
23 3 0 94 233 237 5 13 50 49 48 193 15 19 8 20 11
24 3 0 29 0 237 5 141 104 100 54 38 11 3 10 17 8
25 1 0 94 0 237 5 107 64 41 38 125 15 6 4 6 5
26 1 0 33 39 237 5 16 6 94 80 65 19 17 2 2 7
27 0 0 90 173 237 5 34 4 113 121 74 4 12 12 8 2
28 0 0 88 0 237 5 33 174 134 121 157 7 20 7 9 5
29 4 0 87 0 237 5 142 64 174 182 30 17 10 13 13 10
30 1 0 58 229 237 5 127 148 25 48 80 13 20 6 16 3
31 1 0 42 0 237 5 188 157 57 12 164 8 4 7 9 8
32 4 0 71 0 210 5 194 64 156 143 26 12 10 17 16 17
33 3 0 95 78 237 5 133 5 135 35 78 19 19 5 17 15
34 4 0 94 0 237 5 22 62 117 7 153 15 13 4 5 9
35 3 0 11 0 237 5 46 159 90 48 107 8 15 12 19 9
36 0 0 22 0 237 5 21 35 119 6 180 4 6 17 10 4
37 3 0 86 0 237 5 28 28 23 71 168 10 13 18 3 18
38 1 0 29 0 237 5 24 84 56 68 113 9 19 10 11 7
39 1 0 65 148 237 5 49 25 107 104 71 15 17 16 17 14
40 3 0 32 226 237 5 155 71 168 190 188 9 19 4 17 14
41 0 0 95 0 91 5 196 154 156 116 3 5 6 18 10 13
42 1 1 17 0 237 5 130 84 1 190 155 6 15 4 16 9
43 1 0 19 0 237 5 199 180 169 18 66 13 18 18 10 16
44 4 0 27 0 237 5 170 191 52 16 3 11 19 5 18 6
45 0 0 51 0 237 5 153 155 71 15 121 7 12 10 8 16
46 2 0 68 35 172 5 172 91 135 145 128 12 9 19 3 8
47 1 0 80 0 237 5 171 16 144 46 50 9 15 15 15 15
48 3 0 78 0 237 5 164 103 99 85 82 5 11 17 4 17
49 1 0 64 0 237 5 48 78 121 77 104 7 17 15 16 4
P 20 15
P 4 25
P 39 28
P 33 10
P 36 44
P 3 29
P 47 44
P 47 31
P 9 24
P 9 49
P 31 17
P 17 33
P 18 41
P 44 18
P 14 25
P 13 8
P 13 30
P 15 45
P 15 25
P 46 13
